6700111549.00000    0.00321 19401.82379 1666605500.00000
6700111541.00000    0.00625 19377.09702 1666605473.00000
6700111540.00000    0.25700 19406.44432 1666605438.00000
6700111535.00000    0.00450 19417.56129 1666605150.00000
6700111532.00000    0.00559 19413.97944 1666605039.00000
6700111531.00000    0.00392 19395.97573 1666605013.00000
6700111529.00000    0.00263 19394.64749 1666604963.00000
6700111528.00000    0.01884 19428.74751 1666604963.00000
6700111527.00000    0.01329 19428.74751 1666604907.00000
6700111526.00000    0.50094 19431.97684 1666604871.00000
6700111525.00000    1.37900 19427.88509 1666604871.00000
6700111524.00000    0.11000 19424.02626 1666604871.00000
6700111523.00000    0.68000 19417.81309 1666604871.00000
6700111522.00000    0.15000 19417.80680 1666604871.00000
6700111517.00000    0.00099 19409.81214 1666604765.00000
6700111514.00000    0.00203 19409.81214 1666604647.00000
6700111513.00000    0.01608 19409.81214 1666604634.00000
6700111510.00000    0.00010 19411.90209 1666604492.00000
6700111508.00000    0.00198 19389.30303 1666604422.00000
6700111506.00000    0.00038 19422.96240 1666604280.00000
6700111505.00000    0.01128 19426.61350 1666604176.00000
6700111503.00000    0.00918 19381.05028 1666604111.00000
6700111500.00000    0.00050 19381.05028 1666604032.00000
6700111497.00000    0.00032 19381.05028 1666603922.00000
6700111496.00000    0.01687 19358.62119 1666603920.00000
6700111493.00000    0.00032 19381.04399 1666603803.00000
6700111492.00000    0.00168 19377.26069 1666603779.00000
6700111489.00000    0.03232 19377.85242 1666603764.00000
6700111486.00000    0.22149 19358.38828 1666603741.00000
6700111477.00000    0.00032 19358.05464 1666603444.00000
6700111476.00000    0.16999 19338.24427 1666603421.00000
6700111475.00000    0.50850 19338.24427 1666603420.00000
6700111474.00000    0.00534 19328.63810 1666603384.00000
6700111473.00000    0.29000 19328.64440 1666603384.00000
6700111472.00000    0.01000 19338.24427 1666603375.00000
6700111470.00000    0.01151 19338.24427 1666603313.00000
6700111464.00000    0.42942 19337.92323 1666603195.00000
6700111455.00000    0.00037 19319.68661 1666603081.00000
6700111454.00000    0.00104 19338.08060 1666602965.00000
6700111453.00000    0.00226 19339.23259 1666602862.00000
6700111452.00000    0.00500 19347.43498 1666602672.00000
6700111447.00000    0.00039 19347.32796 1666602391.00000
6700111446.00000    0.00030 19317.79181 1666602380.00000
6700111444.00000    0.00407 19347.35314 1666602376.00000
6700111442.00000    0.07346 19325.53467 1666602275.00000
6700111439.00000    0.00760 19322.82152 1666602084.00000
6700111435.00000    0.00387 19352.06810 1666601999.00000
6700111434.00000    0.04871 19351.02313 1666601981.00000
6700111427.00000    0.00323 19328.87102 1666601730.00000
6700111424.00000    0.00064 19358.38828 1666601681.00000
6700111423.00000    0.00097 19357.97910 1666601590.00000
6700111422.00000    0.00259 19358.06094 1666601532.00000
6700111421.00000    0.00838 19358.06094 1666601531.00000
6700111420.00000    0.00065 19358.06094 1666601494.00000
6700111419.00000    0.00087 19358.13648 1666601456.00000
6700111417.00000    0.00748 19357.00338 1666601356.00000
6700111416.00000    0.00077 19349.57528 1666601356.00000
6700111414.00000    0.00645 19350.77133 1666601245.00000
6700111412.00000    0.01483 19357.23629 1666601004.00000
6700111395.00000    0.00876 19343.80276 1666600435.00000
6700111382.00000    0.03442 19304.17573 1666600174.00000
6700111381.00000    0.00212 19303.89245 1666600159.00000
6700111377.00000    0.00151 19303.81691 1666600092.00000
6700111376.00000    0.00270 19303.81691 1666600088.00000
6700111375.00000    0.00032 19328.17227 1666600069.00000
6700111372.00000    0.06723 19321.35479 1666599994.00000
6700111371.00000    0.02261 19325.84942 1666599975.00000
6700111370.00000    0.00648 19324.11829 1666599917.00000
6700111368.00000    0.12907 19324.31973 1666599826.00000
6700111366.00000    0.00149 19324.66596 1666599716.00000
6700111365.00000    0.00097 19331.75413 1666599632.00000
6700111362.00000    0.00039 19307.09031 1666599216.00000
6700111361.00000    0.00140 19314.20366 1666599097.00000
6700111360.00000    0.42942 19317.12454 1666599054.00000
6700111357.00000    0.00648 19317.06789 1666599037.00000
6700111356.00000    0.00648 19317.06789 1666599015.00000
6700111355.00000    0.01000 19317.06789 1666599010.00000
6700111354.00000    0.01459 19317.07418 1666599008.00000
6700111352.00000    0.00324 19317.13084 1666598975.00000
6700111349.00000    0.00389 19317.43300 1666598848.00000
6700111348.00000    0.00710 19319.98247 1666598802.00000
6700111347.00000    0.00323 19321.60029 1666598792.00000
6700111342.00000    0.01554 19286.06501 1666598725.00000
6700111332.00000    0.00487 19297.93108 1666598648.00000
6700111327.00000    0.00032 19289.89237 1666598460.00000
6700111326.00000    0.00032 19300.61905 1666598400.00000
6700111324.00000    0.00243 19291.27727 1666598322.00000
6700111321.00000    0.00244 19282.71607 1666598212.00000
6700111319.00000    0.00844 19282.75384 1666598191.00000
6700111316.00000    0.00325 19280.09105 1666598056.00000
6700111315.00000    0.00468 19247.28780 1666597836.00000
6700111310.00000    0.02147 19248.16280 1666597520.00000
6700111308.00000    0.00125 19283.96877 1666597469.00000
6700111307.00000    0.02147 19252.48117 1666597427.00000
6700111306.00000    0.02147 19252.41822 1666597421.00000
6700111305.00000    0.02147 19252.41822 1666597415.00000
6700111304.00000    0.02147 19252.41193 1666597408.00000
6700111299.00000    0.42942 19252.16013 1666597353.00000
6700111298.00000    0.12567 19252.19790 1666597320.00000
6700111297.00000    0.12552 19252.23567 1666597304.00000
6700111291.00000    0.00071 19221.59790 1666597046.00000
6700111290.00000    0.00117 19206.55914 1666596976.00000
6700111288.00000    0.00454 19232.94149 1666596684.00000
6700111287.00000    0.01417 19201.39094 1666596672.00000
6700111286.00000    0.01300 19228.25801 1666596656.00000
6700111285.00000    0.01459 19230.88932 1666596608.00000
6700111284.00000    0.00033 19233.38844 1666596572.00000
6700111283.00000    0.16210 19233.89204 1666596480.00000
6700111282.00000    0.00326 19235.54762 1666596469.00000
6700111281.00000    0.01299 19225.38119 1666596421.00000
6700111279.00000    0.42942 19205.47640 1666596352.00000
6700111276.00000    0.00982 19187.51047 1666596260.00000
6700111275.00000    0.00286 19187.51676 1666596221.00000
6700111274.00000    0.00070 19174.83233 1666596135.00000
6700111264.00000    0.03085 19204.72100 1666595947.00000
6700111263.00000    0.00010 19204.29294 1666595884.00000
6700111261.00000    0.40985 19217.95309 1666595435.00000
6700111260.00000    0.00042 19233.63394 1666595428.00000
6700111257.00000    0.00319 19234.69150 1666595368.00000
6700111255.00000    0.00043 19202.56811 1666595330.00000
6700111254.00000    0.00206 19202.56811 1666595314.00000
6700111251.00000    0.01148 19220.62847 1666595174.00000
6700111246.00000    0.00208 19187.19572 1666594948.00000
6700111244.00000    0.02010 19223.13388 1666594809.00000
6700111240.00000    0.00081 19223.13388 1666594800.00000
6700111239.00000    0.00162 19223.13388 1666594800.00000
6700111236.00000    0.35388 19245.36153 1666594781.00000
6700111235.00000    0.64612 19245.36153 1666594781.00000
6700111234.00000    0.00066 19245.36153 1666594781.00000
6700111233.00000    0.02323 19246.33725 1666594781.00000
6700111232.00000    0.16000 19246.33725 1666594781.00000
6700111231.00000    0.16000 19246.33725 1666594781.00000
6700111229.00000    0.53909 19246.33725 1666594781.00000
6700111227.00000    0.11768 19246.33725 1666594779.00000
6700111226.00000    0.00334 19246.96675 1666594779.00000
6700111225.00000    0.25820 19246.96675 1666594779.00000
6700111223.00000    0.00040 19246.96675 1666594776.00000
6700111222.00000    0.00079 19246.96675 1666594772.00000
6700111220.00000    0.00158 19246.96675 1666594768.00000
6700111219.00000    0.52246 19246.96675 1666594766.00000
6700111218.00000    0.00316 19246.96675 1666594763.00000
6700111217.00000    0.21008 19246.96675 1666594760.00000
6700111216.00000    1.00000 19246.96675 1666594760.00000
6700111215.00000    0.28992 19247.59625 1666594760.00000
6700111214.00000    0.00632 19247.59625 1666594759.00000
6700111213.00000    0.01000 19247.59625 1666594757.00000
6700111212.00000    0.01264 19247.59625 1666594755.00000
6700111211.00000    0.02529 19247.59625 1666594750.00000
6700111209.00000    0.00486 19247.59625 1666594705.00000
6700111208.00000    0.02000 19251.97757 1666594696.00000
6700111207.00000    0.11000 19247.60255 1666594696.00000
6700111206.00000    0.42942 19254.62777 1666594692.00000
6700111205.00000    0.10943 19247.60255 1666594692.00000
6700111204.00000    0.00057 19247.60255 1666594691.00000
6700111203.00000    0.11000 19247.60255 1666594677.00000
6700111202.00000    0.42860 19247.60255 1666594677.00000
6700111201.00000    0.00081 19247.60255 1666594673.00000
6700111197.00000    0.02900 19256.22041 1666594609.00000
6700111194.00000    0.00813 19259.94705 1666594518.00000
6700111189.00000    0.00797 19260.35622 1666594460.00000
6700111188.00000    0.06502 19267.41292 1666594451.00000
6700111187.00000    0.04899 19265.17819 1666594419.00000
6700111186.00000    0.04917 19248.23834 1666594402.00000
6700111185.00000    0.39942 19248.23205 1666594402.00000
6700111184.00000    0.03000 19248.23205 1666594402.00000
6700111182.00000    0.01203 19264.01362 1666594347.00000
6700111181.00000    0.00875 19272.99658 1666594227.00000
6700111174.00000    0.00408 19271.45431 1666594068.00000
6700111172.00000    0.00187 19248.23205 1666594025.00000
6700111171.00000    0.00328 19248.22575 1666593967.00000
6700111170.00000    0.00298 19249.36515 1666593885.00000
6700111168.00000    0.16319 19278.41658 1666593832.00000
6700111167.00000    0.03184 19278.58025 1666593826.00000
6700111166.00000    0.00486 19273.74569 1666593738.00000
6700111161.00000    0.02147 19257.35980 1666593470.00000
6700111160.00000    0.02147 19257.35980 1666593463.00000
6700111159.00000    0.02147 19257.35980 1666593457.00000
6700111158.00000    0.02147 19257.35980 1666593454.00000
6700111155.00000    0.02147 19256.64847 1666593436.00000
6700111154.00000    0.02147 19256.48480 1666593429.00000
6700111153.00000    0.02147 19256.24559 1666593423.00000
6700111152.00000    0.02147 19256.03785 1666593417.00000
6700111149.00000    0.00033 19252.45599 1666593233.00000
6700111147.00000    0.04803 19247.59625 1666593220.00000
6700111144.00000    0.02147 19247.59625 1666593181.00000
6700111143.00000    0.02147 19247.59625 1666593173.00000
6700111142.00000    0.02147 19247.59625 1666593167.00000
6700111140.00000    0.02147 19247.59625 1666593164.00000
6700111133.00000    0.00176 19245.36153 1666592857.00000
6700111132.00000    0.00974 19249.28331 1666592811.00000
6700111131.00000    0.00093 19245.36153 1666592778.00000
6700111129.00000    0.00259 19218.10417 1666592448.00000
6700111127.00000    0.02084 19223.17794 1666592259.00000
6700111125.00000    0.00144 19218.09788 1666592195.00000
6700111123.00000    0.00182 19218.83439 1666592168.00000
6700111122.00000    0.00473 19218.83439 1666592166.00000
6700111121.00000    0.00098 19218.82810 1666592142.00000
6700111116.00000    0.00973 19240.43884 1666591918.00000
6700111115.00000    0.03195 19249.23295 1666591857.00000
6700111114.00000    0.11000 19243.97033 1666591857.00000
6700111113.00000    0.00308 19219.21209 1666591824.00000
6700111112.00000    0.00924 19219.21209 1666591802.00000
6700111095.00000    0.07353 19251.68800 1666591587.00000
6700111094.00000    0.15000 19243.51709 1666591587.00000
6700111092.00000    0.02233 19218.96029 1666591578.00000
6700111091.00000    0.22715 19218.96029 1666591564.00000
6700111082.00000    0.00324 19254.87328 1666591511.00000
6700111079.00000    0.00070 19226.45134 1666591446.00000
6700111077.00000    0.10827 19228.33984 1666591423.00000
6700111059.00000    0.00097 19253.50097 1666591200.00000
6700111058.00000    0.01111 19249.83098 1666591170.00000
6700111047.00000    0.00097 19235.12586 1666590953.00000
6700111045.00000    0.01638 19218.20489 1666590892.00000
6700111044.00000    0.00032 19218.20489 1666590887.00000
6700111043.00000    0.00324 19248.46496 1666590840.00000
6700111042.00000    0.00517 19218.20489 1666590790.00000
6700111040.00000    0.00554 19228.24542 1666590608.00000
6700111037.00000    0.02087 19244.82016 1666590503.00000
6700111036.00000    0.68000 19225.75260 1666590503.00000
6700111035.00000    0.11000 19217.72018 1666590503.00000
6700111034.00000    0.00489 19221.60419 1666590450.00000
6700111033.00000    0.00130 19221.60419 1666590439.00000
6700111032.00000    0.03411 19223.27237 1666590329.00000
6700111029.00000    0.22041 19232.74005 1666590233.00000
6700111028.00000    0.17097 19232.72117 1666590233.00000
6700111027.00000    0.11000 19226.00440 1666590233.00000
6700111026.00000    0.15000 19225.99810 1666590233.00000
6700111025.00000    0.00081 19227.26340 1666590198.00000
6700111024.00000    0.00524 19223.48010 1666590194.00000
6700111023.00000    0.00163 19221.84970 1666590116.00000
6700111018.00000    0.01122 19222.73100 1666590020.00000
6700111017.00000    0.00378 19199.75424 1666590020.00000
6700111016.00000    0.00033 19199.75424 1666590000.00000
6700111014.00000    0.00049 19199.75424 1666589944.00000
6700111013.00000    0.00686 19223.79485 1666589921.00000
6700111012.00000    0.01000 19176.15428 1666589851.00000
6700111011.00000    0.00033 19207.39637 1666589837.00000
6700111007.00000    0.00080 19189.55634 1666589818.00000
6700110998.00000    0.00326 19225.14198 1666589540.00000
6700110997.00000    0.00586 19226.64649 1666589524.00000
6700110996.00000    0.04172 19184.01674 1666589509.00000
6700110993.00000    0.23055 19219.67163 1666589467.00000
6700110992.00000    0.26699 19219.66533 1666589467.00000
6700110991.00000    0.00246 19199.82978 1666589467.00000
6700110990.00000    0.00133 19199.82978 1666589464.00000
6700110989.00000    0.00033 19199.82978 1666589462.00000
6700110988.00000    0.00098 19199.82978 1666589444.00000
6700110987.00000    0.04752 19199.82978 1666589392.00000
6700110986.00000    0.00033 19199.82978 1666589342.00000
6700110985.00000    0.00163 19199.82978 1666589340.00000
6700110984.00000    0.00150 19199.82978 1666589330.00000
6700110983.00000    0.00098 19176.58864 1666589322.00000
6700110982.00000    0.00163 19199.82978 1666589307.00000
6700110974.00000    0.00098 19199.82978 1666589170.00000
6700110962.00000    0.01631 19199.82978 1666589045.00000
6700110961.00000    0.00053 19199.82349 1666589026.00000
6700110958.00000    0.00325 19199.82349 1666588921.00000
6700110956.00000    0.09758 19199.82349 1666588845.00000
6700110955.00000    0.00359 19199.82349 1666588781.00000
6700110954.00000    0.00883 19199.82349 1666588613.00000
6700110953.00000    0.00522 19199.82349 1666588587.00000
6700110952.00000    0.00361 19198.74704 1666588547.00000
6700110951.00000    0.03515 19198.74704 1666588547.00000
6700110950.00000    0.02147 19165.32059 1666588448.00000
6700110949.00000    0.02147 19166.26484 1666588442.00000
6700110948.00000    0.02147 19164.56519 1666588433.00000
6700110947.00000    0.02147 19164.57148 1666588427.00000
6700110945.00000    0.02147 19155.94733 1666588272.00000
6700110944.00000    0.02147 19155.94733 1666588265.00000
6700110943.00000    0.02147 19155.97251 1666588258.00000
6700110942.00000    0.02147 19155.99769 1666588252.00000
6700110941.00000    0.02147 19156.01657 1666588245.00000
6700110940.00000    0.02147 19156.23690 1666588239.00000
6700110939.00000    0.02147 19155.94733 1666588231.00000
6700110938.00000    0.02147 19155.98510 1666588225.00000
6700110937.00000    0.02147 19155.97880 1666588219.00000
6700110936.00000    0.02147 19155.94733 1666588210.00000
6700110935.00000    0.02147 19155.94733 1666588203.00000
6700110934.00000    0.02147 19156.00398 1666588197.00000
6700110933.00000    0.02147 19155.95992 1666588188.00000
6700110932.00000    0.02147 19156.11100 1666588181.00000
6700110931.00000    0.02147 19161.60653 1666588130.00000
6700110930.00000    0.02147 19161.61283 1666588121.00000
6700110929.00000    0.00490 19182.99695 1666588098.00000
6700110928.00000    0.00653 19187.19572 1666588029.00000
6700110927.00000    0.02147 19169.10388 1666587998.00000
6700110926.00000    0.02147 19169.29273 1666587959.00000
6700110925.00000    0.02147 19169.10388 1666587951.00000
6700110924.00000    0.02147 19169.12906 1666587945.00000
6700110923.00000    0.02147 19163.99864 1666587936.00000
6700110922.00000    0.02147 19164.00493 1666587929.00000
6700110921.00000    0.02147 19164.00493 1666587922.00000
6700110920.00000    0.00326 19196.94038 1666587914.00000
6700110919.00000    0.02147 19164.21896 1666587913.00000
6700110916.00000    0.00098 19195.76951 1666587827.00000
6700110915.00000    0.12852 19197.89092 1666587808.00000
6700110914.00000    0.00979 19192.71014 1666587694.00000
6700110912.00000    0.00081 19198.05459 1666587600.00000
6700110909.00000    0.01626 19198.05459 1666587600.00000
6700110908.00000    0.00326 19195.27850 1666587564.00000
6700110907.00000    0.00549 19195.27850 1666587560.00000
6700110906.00000    0.00326 19198.13013 1666587505.00000
6700110905.00000    0.02147 19164.00493 1666587422.00000
6700110904.00000    0.02147 19165.11285 1666587414.00000
6700110903.00000    0.04204 19192.98082 1666587411.00000
6700110902.00000    0.02147 19164.75404 1666587405.00000
6700110901.00000    0.02147 19164.48965 1666587398.00000
6700110900.00000    0.02147 19164.14972 1666587391.00000
6700110899.00000    0.01333 19170.56432 1666587382.00000
6700110898.00000    0.00814 19189.07792 1666587382.00000
6700110897.00000    0.01632 19189.08422 1666587380.00000
6700110896.00000    0.02147 19164.42040 1666587374.00000
6700110895.00000    0.00033 19189.08422 1666587372.00000
6700110894.00000    0.01632 19189.08422 1666587368.00000
6700110893.00000    0.02147 19164.14342 1666587366.00000
6700110892.00000    0.02147 19164.00493 1666587358.00000
6700110891.00000    0.02147 19164.68479 1666587351.00000
6700110890.00000    0.02147 19164.44558 1666587343.00000
6700110889.00000    0.02147 19164.26932 1666587337.00000
6700110888.00000    0.02147 19164.11824 1666587331.00000
6700110887.00000    0.01632 19190.49430 1666587326.00000
6700110886.00000    0.02147 19164.00493 1666587323.00000
6700110885.00000    0.01632 19192.66607 1666587306.00000
6700110884.00000    0.00033 19192.77309 1666587295.00000
6700110883.00000    0.00033 19192.71014 1666587291.00000
6700110882.00000    0.03263 19193.91878 1666587281.00000
6700110881.00000    0.01632 19190.26768 1666587268.00000
6700110880.00000    0.01632 19190.77757 1666587256.00000
6700110879.00000    0.01631 19195.96465 1666587244.00000
6700110878.00000    0.00033 19191.48261 1666587237.00000
6700110876.00000    0.00993 19196.66340 1666587216.00000
6700110875.00000    0.00033 19192.82974 1666587194.00000
6700110874.00000    0.32635 19192.82974 1666587186.00000
6700110869.00000    0.01334 19172.83052 1666587098.00000
6700110868.00000    0.00813 19196.34865 1666587098.00000
6700110862.00000    0.15667 19190.05994 1666586916.00000
6700110861.00000    0.00653 19161.82686 1666586916.00000
6700110860.00000    0.03690 19161.82686 1666586804.00000
6700110853.00000    0.01632 19192.57794 1666586719.00000
6700110852.00000    0.00816 19183.89713 1666586692.00000
6700110851.00000    0.00816 19183.89713 1666586678.00000
6700110850.00000    0.00816 19183.89713 1666586665.00000
6700110849.00000    0.00816 19183.89713 1666586641.00000
6700110848.00000    0.00816 19183.89713 1666586621.00000
6700110847.00000    0.00128 19183.89713 1666586574.00000
6700110846.00000    0.00120 19184.72178 1666586416.00000
6700110839.00000    0.00065 19214.45937 1666585887.00000
6700110838.00000    0.00033 19214.77412 1666585847.00000
6700110836.00000    0.00049 19207.44673 1666585800.00000
6700110835.00000    0.00033 19209.84513 1666585727.00000
6700110834.00000    0.00326 19209.84513 1666585713.00000
6700110831.00000    0.02937 19196.16609 1666585596.00000
6700110830.00000    0.00198 19210.87122 1666585535.00000
6700110829.00000    0.13821 19213.44587 1666585504.00000
6700110828.00000    0.15000 19213.57807 1666585452.00000
6700110827.00000    0.26051 19214.61045 1666585412.00000
6700110826.00000    0.06259 19184.01674 1666585412.00000
6700110825.00000    0.00065 19184.01674 1666585410.00000
6700110821.00000    0.06530 19184.01674 1666585183.00000
6700110818.00000    0.15000 19184.01044 1666585100.00000
6700110817.00000    0.00082 19184.01674 1666585007.00000
6700110815.00000    0.02147 19167.53013 1666584851.00000
6700110812.00000    0.00100 19225.05385 1666584655.00000
6700110809.00000    0.00010 19240.92985 1666584485.00000
6700110808.00000    0.05603 19249.74285 1666584397.00000
6700110806.00000    0.00206 19282.09916 1666584278.00000
6700110805.00000    0.00100 19250.18979 1666584271.00000
6700110803.00000    0.00974 19282.46427 1666584197.00000
6700110795.00000    0.00049 19303.60918 1666583831.00000
6700110794.00000    0.00558 19304.04983 1666583685.00000
6700110792.00000    0.02546 19304.49048 1666583535.00000
6700110788.00000    0.00032 19304.81782 1666583433.00000
6700110786.00000    0.00032 19304.95631 1666583402.00000
6700110785.00000    0.06489 19305.32142 1666583287.00000
6700110784.00000    0.03175 19282.91751 1666583258.00000
6700110783.00000    0.16695 19283.66661 1666583231.00000
6700110782.00000    0.03000 19283.67291 1666583231.00000
6700110781.00000    0.02471 19274.54515 1666583122.00000
6700110780.00000    0.03123 19294.11631 1666583056.00000
6700110779.00000    0.00043 19294.11631 1666583053.00000
6700110776.00000    0.00648 19294.24221 1666582979.00000
6700110775.00000    0.00032 19294.26110 1666582969.00000
6700110772.00000    0.00069 19265.80769 1666582876.00000
6700110771.00000    0.00120 19261.44526 1666582820.00000
6700110770.00000    0.00317 19261.44526 1666582815.00000
6700110769.00000    0.00634 19261.44526 1666582811.00000
6700110768.00000    0.01267 19261.44526 1666582806.00000
6700110767.00000    0.02535 19261.44526 1666582802.00000
6700110766.00000    0.00127 19261.44526 1666582800.00000
6700110765.00000    0.01234 19287.09739 1666582798.00000
6700110764.00000    0.00032 19287.32401 1666582735.00000
6700110762.00000    0.00485 19280.60095 1666582403.00000
6700110759.00000    0.01777 19300.09657 1666582235.00000
6700110758.00000    0.10968 19288.36268 1666582235.00000
6700110757.00000    0.00032 19288.36268 1666582232.00000
6700110756.00000    0.00032 19280.89681 1666582112.00000
6700110755.00000    0.68000 19260.68986 1666582069.00000
6700110754.00000    0.34000 19260.69615 1666582069.00000
6700110751.00000    0.01949 19284.73676 1666581860.00000
6700110750.00000    0.00238 19268.62785 1666581781.00000
6700110747.00000    0.00065 19285.24666 1666581486.00000
6700110745.00000    0.16198 19287.52545 1666581473.00000
6700110744.00000    0.00162 19278.46694 1666581285.00000
6700110743.00000    0.00195 19284.47237 1666581250.00000
6700110738.00000    0.00158 19301.49406 1666580996.00000
6700110735.00000    0.00097 19300.27912 1666580960.00000
6700110732.00000    0.00164 19288.61448 1666580947.00000
6700110722.00000    0.00533 19271.46060 1666580919.00000
6700110721.00000    0.00975 19283.80510 1666580791.00000
6700110718.00000    0.00326 19310.05526 1666580763.00000
6700110717.00000    0.01622 19308.49410 1666580693.00000
6700110707.00000    0.01085 19255.02436 1666580455.00000
6700110706.00000    0.00400 19258.54956 1666580455.00000
6700110705.00000    0.00662 19288.16754 1666580455.00000
6700110698.00000    0.00162 19288.17383 1666580400.00000
6700110693.00000    0.03245 19301.13524 1666580368.00000
6700110689.00000    0.00032 19311.73602 1666580330.00000
6700110687.00000    0.00454 19304.69821 1666580137.00000
6700110686.00000    0.01418 19304.69821 1666580096.00000
6700110684.00000    0.06461 19321.17852 1666580035.00000
6700110678.00000    0.14788 19335.26674 1666579974.00000
6700110677.00000    0.11000 19324.97441 1666579974.00000
6700110668.00000    0.18727 19312.26480 1666579513.00000
6700110665.00000    0.00010 19288.16754 1666579479.00000
6700110661.00000    0.00538 19311.31426 1666579303.00000
6700110660.00000    0.00065 19306.88258 1666579285.00000
6700110656.00000    0.04942 19309.55166 1666579085.00000
6700110653.00000    0.01622 19309.99231 1666579071.00000
6700110650.00000    0.00323 19312.68027 1666578949.00000
6700110645.00000    0.00901 19287.38066 1666578754.00000
6700110642.00000    0.01615 19303.81062 1666578691.00000
6700110641.00000    0.01000 19312.95725 1666578668.00000
6700110640.00000    0.00032 19312.95725 1666578660.00000
6700110639.00000    0.00032 19307.56244 1666578617.00000
6700110632.00000    0.08108 19313.34125 1666578498.00000
6700110631.00000    0.00032 19313.34125 1666578497.00000
6700110625.00000    0.00860 19291.54795 1666578345.00000
6700110624.00000    0.00158 19291.63608 1666578296.00000
6700110620.00000    0.00974 19291.86900 1666578145.00000
6700110600.00000    0.06212 19278.39770 1666577949.00000
6700110599.00000    0.02990 19278.40399 1666577946.00000
6700110598.00000    0.00971 19274.60181 1666577930.00000
6700110597.00000    0.00032 19290.72960 1666577700.00000
6700110589.00000    0.00081 19272.38597 1666577382.00000
6700110588.00000    0.00647 19273.56313 1666577375.00000
6700110583.00000    0.06338 19258.56844 1666577189.00000
6700110581.00000    0.00130 19258.69434 1666577153.00000
6700110579.00000    0.02987 19259.09722 1666577124.00000
6700110572.00000    0.01529 19241.55935 1666577008.00000
6700110567.00000    0.01557 19212.91080 1666576928.00000
6700110566.00000    0.00338 19228.93157 1666576902.00000
6700110565.00000    0.25000 19240.05484 1666576874.00000
6700110563.00000    0.01785 19240.93614 1666576867.00000
6700110562.00000    0.00223 19210.01510 1666576866.00000
6700110561.00000    0.00812 19238.93433 1666576854.00000
6700110559.00000    0.00049 19233.78502 1666576803.00000
6700110555.00000    0.00325 19233.79761 1666576800.00000
6700110553.00000    0.00093 19233.79761 1666576800.00000
6700110551.00000    0.00078 19233.89833 1666576772.00000
6700110550.00000    0.06500 19233.93610 1666576762.00000
6700110548.00000    0.00649 19236.90734 1666576714.00000
6700110547.00000    0.01557 19238.51257 1666576713.00000
6700110545.00000    0.04764 19241.33902 1666576690.00000
6700110539.00000    0.00293 19229.05118 1666576512.00000
6700110537.00000    0.00100 19229.12042 1666576469.00000
6700110534.00000    0.00033 19215.06998 1666576317.00000
6700110532.00000    0.03250 19205.73449 1666576284.00000
6700110527.00000    0.00326 19217.10956 1666576241.00000
6700110525.00000    0.00072 19205.69672 1666576224.00000
6700110508.00000    0.00065 19199.75424 1666576121.00000
6700110505.00000    0.00315 19226.33803 1666576049.00000
6700110500.00000    0.00065 19251.28512 1666575930.00000
6700110498.00000    0.00109 19233.87945 1666575894.00000
6700110496.00000    0.00177 19242.62950 1666575799.00000
6700110495.00000    0.00159 19251.12145 1666575755.00000
6700110491.00000    0.03251 19263.97585 1666575711.00000
6700110490.00000    0.00079 19250.62415 1666575681.00000
6700110489.00000    0.00965 19263.97585 1666575674.00000
6700110488.00000    0.02925 19270.22049 1666575654.00000
6700110487.00000    0.00176 19250.62415 1666575609.00000
6700110485.00000    0.00650 19280.23584 1666575540.00000
6700110484.00000    0.00146 19280.23584 1666575513.00000
6700110483.00000    0.00081 19275.14318 1666575408.00000
6700110481.00000    0.00487 19289.74129 1666575356.00000
6700110480.00000    0.00200 19259.78338 1666575347.00000
6700110477.00000    0.00350 19289.74129 1666575287.00000
6700110475.00000    0.01607 19270.73668 1666575180.00000
6700110474.00000    0.01536 19292.49220 1666575179.00000
6700110473.00000    0.11000 19281.09196 1666575179.00000
6700110467.00000    0.00032 19279.73224 1666575012.00000
6700110466.00000    0.00324 19282.47056 1666575000.00000
6700110465.00000    0.06497 19282.47056 1666574984.00000
6700110464.00000    0.00081 19282.47056 1666574982.00000
6700110463.00000    0.00050 19262.45875 1666574978.00000
6700110457.00000    0.00032 19285.60547 1666574892.00000
6700110448.00000    0.00032 19272.97140 1666574667.00000
6700110441.00000    0.16260 19260.40029 1666574524.00000
6700110431.00000    0.32513 19264.69977 1666574407.00000
6700110429.00000    0.08128 19264.75013 1666574385.00000
6700110426.00000    0.21496 19278.75651 1666574345.00000
