6700111553.00000    0.00032 30831.24000 1666605600.00000
6700111552.00000    0.00483 30831.24000 1666605600.00000
6700111549.00000    0.00321 30821.00000 1666605500.00000
6700111541.00000    0.00625 30781.72000 1666605473.00000
6700111540.00000    0.25700 30828.34000 1666605438.00000
6700111535.00000    0.00450 30846.00000 1666605150.00000
6700111532.00000    0.00559 30840.31000 1666605039.00000
6700111531.00000    0.00392 30811.71000 1666605013.00000
6700111529.00000    0.00263 30809.60000 1666604963.00000
6700111528.00000    0.01884 30863.77000 1666604963.00000
6700111527.00000    0.01329 30863.77000 1666604907.00000
6700111526.00000    0.50094 30868.90000 1666604871.00000
6700111525.00000    1.37900 30862.40000 1666604871.00000
6700111524.00000    0.11000 30856.27000 1666604871.00000
6700111523.00000    0.68000 30846.40000 1666604871.00000
6700111522.00000    0.15000 30846.39000 1666604871.00000
6700111517.00000    0.00099 30833.69000 1666604765.00000
6700111514.00000    0.00203 30833.69000 1666604647.00000
6700111513.00000    0.01608 30833.69000 1666604634.00000
6700111510.00000    0.00010 30837.01000 1666604492.00000
6700111508.00000    0.00198 30801.11000 1666604422.00000
6700111506.00000    0.00038 30854.58000 1666604280.00000
6700111505.00000    0.01128 30860.38000 1666604176.00000
6700111503.00000    0.00918 30788.00000 1666604111.00000
6700111500.00000    0.00050 30788.00000 1666604032.00000
6700111497.00000    0.00032 30788.00000 1666603922.00000
6700111496.00000    0.01687 30752.37000 1666603920.00000
6700111493.00000    0.00032 30787.99000 1666603803.00000
6700111492.00000    0.00168 30781.98000 1666603779.00000
6700111489.00000    0.03232 30782.92000 1666603764.00000
6700111486.00000    0.22149 30752.00000 1666603741.00000
6700111477.00000    0.00032 30751.47000 1666603444.00000
6700111476.00000    0.16999 30720.00000 1666603421.00000
6700111475.00000    0.50850 30720.00000 1666603420.00000
6700111474.00000    0.00534 30704.74000 1666603384.00000
6700111473.00000    0.29000 30704.75000 1666603384.00000
6700111472.00000    0.01000 30720.00000 1666603375.00000
6700111470.00000    0.01151 30720.00000 1666603313.00000
6700111464.00000    0.42942 30719.49000 1666603195.00000
6700111455.00000    0.00037 30690.52000 1666603081.00000
6700111454.00000    0.00104 30719.74000 1666602965.00000
6700111453.00000    0.00226 30721.57000 1666602862.00000
6700111452.00000    0.00500 30734.60000 1666602672.00000
6700111447.00000    0.00039 30734.43000 1666602391.00000
6700111446.00000    0.00030 30687.51000 1666602380.00000
6700111444.00000    0.00407 30734.47000 1666602376.00000
6700111442.00000    0.07346 30699.81000 1666602275.00000
6700111439.00000    0.00760 30695.50000 1666602084.00000
6700111435.00000    0.00387 30741.96000 1666601999.00000
6700111434.00000    0.04871 30740.30000 1666601981.00000
6700111427.00000    0.00323 30705.11000 1666601730.00000
6700111424.00000    0.00064 30752.00000 1666601681.00000
6700111423.00000    0.00097 30751.35000 1666601590.00000
6700111422.00000    0.00259 30751.48000 1666601532.00000
6700111421.00000    0.00838 30751.48000 1666601531.00000
6700111420.00000    0.00065 30751.48000 1666601494.00000
6700111419.00000    0.00087 30751.60000 1666601456.00000
6700111417.00000    0.00748 30749.80000 1666601356.00000
6700111416.00000    0.00077 30738.00000 1666601356.00000
6700111414.00000    0.00645 30739.90000 1666601245.00000
6700111412.00000    0.01483 30750.17000 1666601004.00000
6700111395.00000    0.00876 30728.83000 1666600435.00000
6700111382.00000    0.03442 30665.88000 1666600174.00000
6700111381.00000    0.00212 30665.43000 1666600159.00000
6700111377.00000    0.00151 30665.31000 1666600092.00000
6700111376.00000    0.00270 30665.31000 1666600088.00000
6700111375.00000    0.00032 30704.00000 1666600069.00000
6700111372.00000    0.06723 30693.17000 1666599994.00000
6700111371.00000    0.02261 30700.31000 1666599975.00000
6700111370.00000    0.00648 30697.56000 1666599917.00000
6700111368.00000    0.12907 30697.88000 1666599826.00000
6700111366.00000    0.00149 30698.43000 1666599716.00000
6700111365.00000    0.00097 30709.69000 1666599632.00000
6700111362.00000    0.00039 30670.51000 1666599216.00000
6700111361.00000    0.00140 30681.81000 1666599097.00000
6700111360.00000    0.42942 30686.45000 1666599054.00000
6700111357.00000    0.00648 30686.36000 1666599037.00000
6700111356.00000    0.00648 30686.36000 1666599015.00000
6700111355.00000    0.01000 30686.36000 1666599010.00000
6700111354.00000    0.01459 30686.37000 1666599008.00000
6700111352.00000    0.00324 30686.46000 1666598975.00000
6700111349.00000    0.00389 30686.94000 1666598848.00000
6700111348.00000    0.00710 30690.99000 1666598802.00000
6700111347.00000    0.00323 30693.56000 1666598792.00000
6700111342.00000    0.01554 30637.11000 1666598725.00000
6700111332.00000    0.00487 30655.96000 1666598648.00000
6700111327.00000    0.00032 30643.19000 1666598460.00000
6700111326.00000    0.00032 30660.23000 1666598400.00000
6700111324.00000    0.00243 30645.39000 1666598322.00000
6700111321.00000    0.00244 30631.79000 1666598212.00000
6700111319.00000    0.00844 30631.85000 1666598191.00000
6700111316.00000    0.00325 30627.62000 1666598056.00000
6700111315.00000    0.00468 30575.51000 1666597836.00000
6700111310.00000    0.02147 30576.90000 1666597520.00000
6700111308.00000    0.00125 30633.78000 1666597469.00000
6700111307.00000    0.02147 30583.76000 1666597427.00000
6700111306.00000    0.02147 30583.66000 1666597421.00000
6700111305.00000    0.02147 30583.66000 1666597415.00000
6700111304.00000    0.02147 30583.65000 1666597408.00000
6700111299.00000    0.42942 30583.25000 1666597353.00000
6700111298.00000    0.12567 30583.31000 1666597320.00000
6700111297.00000    0.12552 30583.37000 1666597304.00000
6700111291.00000    0.00071 30534.70000 1666597046.00000
6700111290.00000    0.00117 30510.81000 1666596976.00000
6700111288.00000    0.00454 30552.72000 1666596684.00000
6700111287.00000    0.01417 30502.60000 1666596672.00000
6700111286.00000    0.01300 30545.28000 1666596656.00000
6700111285.00000    0.01459 30549.46000 1666596608.00000
6700111284.00000    0.00033 30553.43000 1666596572.00000
6700111283.00000    0.16210 30554.23000 1666596480.00000
6700111282.00000    0.00326 30556.86000 1666596469.00000
6700111281.00000    0.01299 30540.71000 1666596421.00000
6700111279.00000    0.42942 30509.09000 1666596352.00000
6700111276.00000    0.00982 30480.55000 1666596260.00000
6700111275.00000    0.00286 30480.56000 1666596221.00000
6700111274.00000    0.00070 30460.41000 1666596135.00000
6700111264.00000    0.03085 30507.89000 1666595947.00000
6700111263.00000    0.00010 30507.21000 1666595884.00000
6700111261.00000    0.40985 30528.91000 1666595435.00000
6700111260.00000    0.00042 30553.82000 1666595428.00000
6700111257.00000    0.00319 30555.50000 1666595368.00000
6700111255.00000    0.00043 30504.47000 1666595330.00000
6700111254.00000    0.00206 30504.47000 1666595314.00000
6700111251.00000    0.01148 30533.16000 1666595174.00000
6700111246.00000    0.00208 30480.05000 1666594948.00000
6700111244.00000    0.02010 30537.14000 1666594809.00000
6700111240.00000    0.00081 30537.14000 1666594800.00000
6700111239.00000    0.00162 30537.14000 1666594800.00000
6700111236.00000    0.35388 30572.45000 1666594781.00000
6700111235.00000    0.64612 30572.45000 1666594781.00000
6700111234.00000    0.00066 30572.45000 1666594781.00000
6700111233.00000    0.02323 30574.00000 1666594781.00000
6700111232.00000    0.16000 30574.00000 1666594781.00000
6700111231.00000    0.16000 30574.00000 1666594781.00000
6700111229.00000    0.53909 30574.00000 1666594781.00000
6700111227.00000    0.11768 30574.00000 1666594779.00000
6700111226.00000    0.00334 30575.00000 1666594779.00000
6700111225.00000    0.25820 30575.00000 1666594779.00000
6700111223.00000    0.00040 30575.00000 1666594776.00000
6700111222.00000    0.00079 30575.00000 1666594772.00000
6700111220.00000    0.00158 30575.00000 1666594768.00000
6700111219.00000    0.52246 30575.00000 1666594766.00000
6700111218.00000    0.00316 30575.00000 1666594763.00000
6700111217.00000    0.21008 30575.00000 1666594760.00000
6700111216.00000    1.00000 30575.00000 1666594760.00000
6700111215.00000    0.28992 30576.00000 1666594760.00000
6700111214.00000    0.00632 30576.00000 1666594759.00000
6700111213.00000    0.01000 30576.00000 1666594757.00000
6700111212.00000    0.01264 30576.00000 1666594755.00000
6700111211.00000    0.02529 30576.00000 1666594750.00000
6700111209.00000    0.00486 30576.00000 1666594705.00000
6700111208.00000    0.02000 30582.96000 1666594696.00000
6700111207.00000    0.11000 30576.01000 1666594696.00000
6700111206.00000    0.42942 30587.17000 1666594692.00000
6700111205.00000    0.10943 30576.01000 1666594692.00000
6700111204.00000    0.00057 30576.01000 1666594691.00000
6700111203.00000    0.11000 30576.01000 1666594677.00000
6700111202.00000    0.42860 30576.01000 1666594677.00000
6700111201.00000    0.00081 30576.01000 1666594673.00000
6700111197.00000    0.02900 30589.70000 1666594609.00000
6700111194.00000    0.00813 30595.62000 1666594518.00000
6700111189.00000    0.00797 30596.27000 1666594460.00000
6700111188.00000    0.06502 30607.48000 1666594451.00000
6700111187.00000    0.04899 30603.93000 1666594419.00000
6700111186.00000    0.04917 30577.02000 1666594402.00000
6700111185.00000    0.39942 30577.01000 1666594402.00000
6700111184.00000    0.03000 30577.01000 1666594402.00000
6700111182.00000    0.01203 30602.08000 1666594347.00000
6700111181.00000    0.00875 30616.35000 1666594227.00000
6700111174.00000    0.00408 30613.90000 1666594068.00000
6700111172.00000    0.00187 30577.01000 1666594025.00000
6700111171.00000    0.00328 30577.00000 1666593967.00000
6700111170.00000    0.00298 30578.81000 1666593885.00000
6700111168.00000    0.16319 30624.96000 1666593832.00000
6700111167.00000    0.03184 30625.22000 1666593826.00000
6700111166.00000    0.00486 30617.54000 1666593738.00000
6700111161.00000    0.02147 30591.51000 1666593470.00000
6700111160.00000    0.02147 30591.51000 1666593463.00000
6700111159.00000    0.02147 30591.51000 1666593457.00000
6700111158.00000    0.02147 30591.51000 1666593454.00000
6700111155.00000    0.02147 30590.38000 1666593436.00000
6700111154.00000    0.02147 30590.12000 1666593429.00000
6700111153.00000    0.02147 30589.74000 1666593423.00000
6700111152.00000    0.02147 30589.41000 1666593417.00000
6700111149.00000    0.00033 30583.72000 1666593233.00000
6700111147.00000    0.04803 30576.00000 1666593220.00000
6700111144.00000    0.02147 30576.00000 1666593181.00000
6700111143.00000    0.02147 30576.00000 1666593173.00000
6700111142.00000    0.02147 30576.00000 1666593167.00000
6700111140.00000    0.02147 30576.00000 1666593164.00000
6700111133.00000    0.00176 30572.45000 1666592857.00000
6700111132.00000    0.00974 30578.68000 1666592811.00000
6700111131.00000    0.00093 30572.45000 1666592778.00000
6700111129.00000    0.00259 30529.15000 1666592448.00000
6700111127.00000    0.02084 30537.21000 1666592259.00000
6700111125.00000    0.00144 30529.14000 1666592195.00000
6700111123.00000    0.00182 30530.31000 1666592168.00000
6700111122.00000    0.00473 30530.31000 1666592166.00000
6700111121.00000    0.00098 30530.30000 1666592142.00000
6700111116.00000    0.00973 30564.63000 1666591918.00000
6700111115.00000    0.03195 30578.60000 1666591857.00000
6700111114.00000    0.11000 30570.24000 1666591857.00000
6700111113.00000    0.00308 30530.91000 1666591824.00000
6700111112.00000    0.00924 30530.91000 1666591802.00000
6700111095.00000    0.07353 30582.50000 1666591587.00000
6700111094.00000    0.15000 30569.52000 1666591587.00000
6700111092.00000    0.02233 30530.51000 1666591578.00000
6700111091.00000    0.22715 30530.51000 1666591564.00000
6700111082.00000    0.00324 30587.56000 1666591511.00000
6700111079.00000    0.00070 30542.41000 1666591446.00000
6700111077.00000    0.10827 30545.41000 1666591423.00000
6700111059.00000    0.00097 30585.38000 1666591200.00000
6700111058.00000    0.01111 30579.55000 1666591170.00000
6700111047.00000    0.00097 30556.19000 1666590953.00000
6700111045.00000    0.01638 30529.31000 1666590892.00000
6700111044.00000    0.00032 30529.31000 1666590887.00000
6700111043.00000    0.00324 30577.38000 1666590840.00000
6700111042.00000    0.00517 30529.31000 1666590790.00000
6700111040.00000    0.00554 30545.26000 1666590608.00000
6700111037.00000    0.02087 30571.59000 1666590503.00000
6700111036.00000    0.68000 30541.30000 1666590503.00000
6700111035.00000    0.11000 30528.54000 1666590503.00000
6700111034.00000    0.00489 30534.71000 1666590450.00000
6700111033.00000    0.00130 30534.71000 1666590439.00000
6700111032.00000    0.03411 30537.36000 1666590329.00000
6700111029.00000    0.22041 30552.40000 1666590233.00000
6700111028.00000    0.17097 30552.37000 1666590233.00000
6700111027.00000    0.11000 30541.70000 1666590233.00000
6700111026.00000    0.15000 30541.69000 1666590233.00000
6700111025.00000    0.00081 30543.70000 1666590198.00000
6700111024.00000    0.00524 30537.69000 1666590194.00000
6700111023.00000    0.00163 30535.10000 1666590116.00000
6700111018.00000    0.01122 30536.50000 1666590020.00000
6700111017.00000    0.00378 30500.00000 1666590020.00000
6700111016.00000    0.00033 30500.00000 1666590000.00000
6700111014.00000    0.00049 30500.00000 1666589944.00000
6700111013.00000    0.00686 30538.19000 1666589921.00000
6700111012.00000    0.01000 30462.51000 1666589851.00000
6700111011.00000    0.00033 30512.14000 1666589837.00000
6700111007.00000    0.00080 30483.80000 1666589818.00000
6700110998.00000    0.00326 30540.33000 1666589540.00000
6700110997.00000    0.00586 30542.72000 1666589524.00000
6700110996.00000    0.04172 30475.00000 1666589509.00000
6700110993.00000    0.23055 30531.64000 1666589467.00000
6700110992.00000    0.26699 30531.63000 1666589467.00000
6700110991.00000    0.00246 30500.12000 1666589467.00000
6700110990.00000    0.00133 30500.12000 1666589464.00000
6700110989.00000    0.00033 30500.12000 1666589462.00000
6700110988.00000    0.00098 30500.12000 1666589444.00000
6700110987.00000    0.04752 30500.12000 1666589392.00000
6700110986.00000    0.00033 30500.12000 1666589342.00000
6700110985.00000    0.00163 30500.12000 1666589340.00000
6700110984.00000    0.00150 30500.12000 1666589330.00000
6700110983.00000    0.00098 30463.20000 1666589322.00000
6700110982.00000    0.00163 30500.12000 1666589307.00000
6700110974.00000    0.00098 30500.12000 1666589170.00000
6700110962.00000    0.01631 30500.12000 1666589045.00000
6700110961.00000    0.00053 30500.11000 1666589026.00000
6700110958.00000    0.00325 30500.11000 1666588921.00000
6700110956.00000    0.09758 30500.11000 1666588845.00000
6700110955.00000    0.00359 30500.11000 1666588781.00000
6700110954.00000    0.00883 30500.11000 1666588613.00000
6700110953.00000    0.00522 30500.11000 1666588587.00000
6700110952.00000    0.00361 30498.40000 1666588547.00000
6700110951.00000    0.03515 30498.40000 1666588547.00000
6700110950.00000    0.02147 30445.30000 1666588448.00000
6700110949.00000    0.02147 30446.80000 1666588442.00000
6700110948.00000    0.02147 30444.10000 1666588433.00000
6700110947.00000    0.02147 30444.11000 1666588427.00000
6700110945.00000    0.02147 30430.41000 1666588272.00000
6700110944.00000    0.02147 30430.41000 1666588265.00000
6700110943.00000    0.02147 30430.45000 1666588258.00000
6700110942.00000    0.02147 30430.49000 1666588252.00000
6700110941.00000    0.02147 30430.52000 1666588245.00000
6700110940.00000    0.02147 30430.87000 1666588239.00000
6700110939.00000    0.02147 30430.41000 1666588231.00000
6700110938.00000    0.02147 30430.47000 1666588225.00000
6700110937.00000    0.02147 30430.46000 1666588219.00000
6700110936.00000    0.02147 30430.41000 1666588210.00000
6700110935.00000    0.02147 30430.41000 1666588203.00000
6700110934.00000    0.02147 30430.50000 1666588197.00000
6700110933.00000    0.02147 30430.43000 1666588188.00000
6700110932.00000    0.02147 30430.67000 1666588181.00000
6700110931.00000    0.02147 30439.40000 1666588130.00000
6700110930.00000    0.02147 30439.41000 1666588121.00000
6700110929.00000    0.00490 30473.38000 1666588098.00000
6700110928.00000    0.00653 30480.05000 1666588029.00000
6700110927.00000    0.02147 30451.31000 1666587998.00000
6700110926.00000    0.02147 30451.61000 1666587959.00000
6700110925.00000    0.02147 30451.31000 1666587951.00000
6700110924.00000    0.02147 30451.35000 1666587945.00000
6700110923.00000    0.02147 30443.20000 1666587936.00000
6700110922.00000    0.02147 30443.21000 1666587929.00000
6700110921.00000    0.02147 30443.21000 1666587922.00000
6700110920.00000    0.00326 30495.53000 1666587914.00000
6700110919.00000    0.02147 30443.55000 1666587913.00000
6700110916.00000    0.00098 30493.67000 1666587827.00000
6700110915.00000    0.12852 30497.04000 1666587808.00000
6700110914.00000    0.00979 30488.81000 1666587694.00000
6700110912.00000    0.00081 30497.30000 1666587600.00000
6700110909.00000    0.01626 30497.30000 1666587600.00000
6700110908.00000    0.00326 30492.89000 1666587564.00000
6700110907.00000    0.00549 30492.89000 1666587560.00000
6700110906.00000    0.00326 30497.42000 1666587505.00000
6700110905.00000    0.02147 30443.21000 1666587422.00000
6700110904.00000    0.02147 30444.97000 1666587414.00000
6700110903.00000    0.04204 30489.24000 1666587411.00000
6700110902.00000    0.02147 30444.40000 1666587405.00000
6700110901.00000    0.02147 30443.98000 1666587398.00000
6700110900.00000    0.02147 30443.44000 1666587391.00000
6700110899.00000    0.01333 30453.63000 1666587382.00000
6700110898.00000    0.00814 30483.04000 1666587382.00000
6700110897.00000    0.01632 30483.05000 1666587380.00000
6700110896.00000    0.02147 30443.87000 1666587374.00000
6700110895.00000    0.00033 30483.05000 1666587372.00000
6700110894.00000    0.01632 30483.05000 1666587368.00000
6700110893.00000    0.02147 30443.43000 1666587366.00000
6700110892.00000    0.02147 30443.21000 1666587358.00000
6700110891.00000    0.02147 30444.29000 1666587351.00000
6700110890.00000    0.02147 30443.91000 1666587343.00000
6700110889.00000    0.02147 30443.63000 1666587337.00000
6700110888.00000    0.02147 30443.39000 1666587331.00000
6700110887.00000    0.01632 30485.29000 1666587326.00000
6700110886.00000    0.02147 30443.21000 1666587323.00000
6700110885.00000    0.01632 30488.74000 1666587306.00000
6700110884.00000    0.00033 30488.91000 1666587295.00000
6700110883.00000    0.00033 30488.81000 1666587291.00000
6700110882.00000    0.03263 30490.73000 1666587281.00000
6700110881.00000    0.01632 30484.93000 1666587268.00000
6700110880.00000    0.01632 30485.74000 1666587256.00000
6700110879.00000    0.01631 30493.98000 1666587244.00000
6700110878.00000    0.00033 30486.86000 1666587237.00000
6700110876.00000    0.00993 30495.09000 1666587216.00000
6700110875.00000    0.00033 30489.00000 1666587194.00000
6700110874.00000    0.32635 30489.00000 1666587186.00000
6700110869.00000    0.01334 30457.23000 1666587098.00000
6700110868.00000    0.00813 30494.59000 1666587098.00000
6700110862.00000    0.15667 30484.60000 1666586916.00000
6700110861.00000    0.00653 30439.75000 1666586916.00000
6700110860.00000    0.03690 30439.75000 1666586804.00000
6700110853.00000    0.01632 30488.60000 1666586719.00000
6700110852.00000    0.00816 30474.81000 1666586692.00000
6700110851.00000    0.00816 30474.81000 1666586678.00000
6700110850.00000    0.00816 30474.81000 1666586665.00000
6700110849.00000    0.00816 30474.81000 1666586641.00000
6700110848.00000    0.00816 30474.81000 1666586621.00000
6700110847.00000    0.00128 30474.81000 1666586574.00000
6700110846.00000    0.00120 30476.12000 1666586416.00000
6700110839.00000    0.00065 30523.36000 1666585887.00000
6700110838.00000    0.00033 30523.86000 1666585847.00000
6700110836.00000    0.00049 30512.22000 1666585800.00000
6700110835.00000    0.00033 30516.03000 1666585727.00000
6700110834.00000    0.00326 30516.03000 1666585713.00000
6700110831.00000    0.02937 30494.30000 1666585596.00000
6700110830.00000    0.00198 30517.66000 1666585535.00000
6700110829.00000    0.13821 30521.75000 1666585504.00000
6700110828.00000    0.15000 30521.96000 1666585452.00000
6700110827.00000    0.26051 30523.60000 1666585412.00000
6700110826.00000    0.06259 30475.00000 1666585412.00000
6700110825.00000    0.00065 30475.00000 1666585410.00000
6700110821.00000    0.06530 30475.00000 1666585183.00000
6700110818.00000    0.15000 30474.99000 1666585100.00000
6700110817.00000    0.00082 30475.00000 1666585007.00000
6700110815.00000    0.02147 30448.81000 1666584851.00000
6700110812.00000    0.00100 30540.19000 1666584655.00000
6700110809.00000    0.00010 30565.41000 1666584485.00000
6700110808.00000    0.05603 30579.41000 1666584397.00000
6700110806.00000    0.00206 30630.81000 1666584278.00000
6700110805.00000    0.00100 30580.12000 1666584271.00000
6700110803.00000    0.00974 30631.39000 1666584197.00000
6700110795.00000    0.00049 30664.98000 1666583831.00000
6700110794.00000    0.00558 30665.68000 1666583685.00000
6700110792.00000    0.02546 30666.38000 1666583535.00000
6700110788.00000    0.00032 30666.90000 1666583433.00000
6700110786.00000    0.00032 30667.12000 1666583402.00000
6700110785.00000    0.06489 30667.70000 1666583287.00000
6700110784.00000    0.03175 30632.11000 1666583258.00000
6700110783.00000    0.16695 30633.30000 1666583231.00000
6700110782.00000    0.03000 30633.31000 1666583231.00000
6700110781.00000    0.02471 30618.81000 1666583122.00000
6700110780.00000    0.03123 30649.90000 1666583056.00000
6700110779.00000    0.00043 30649.90000 1666583053.00000
6700110776.00000    0.00648 30650.10000 1666582979.00000
6700110775.00000    0.00032 30650.13000 1666582969.00000
6700110772.00000    0.00069 30604.93000 1666582876.00000
6700110771.00000    0.00120 30598.00000 1666582820.00000
6700110770.00000    0.00317 30598.00000 1666582815.00000
6700110769.00000    0.00634 30598.00000 1666582811.00000
6700110768.00000    0.01267 30598.00000 1666582806.00000
6700110767.00000    0.02535 30598.00000 1666582802.00000
6700110766.00000    0.00127 30598.00000 1666582800.00000
6700110765.00000    0.01234 30638.75000 1666582798.00000
6700110764.00000    0.00032 30639.11000 1666582735.00000
6700110762.00000    0.00485 30628.43000 1666582403.00000
6700110759.00000    0.01777 30659.40000 1666582235.00000
6700110758.00000    0.10968 30640.76000 1666582235.00000
6700110757.00000    0.00032 30640.76000 1666582232.00000
6700110756.00000    0.00032 30628.90000 1666582112.00000
6700110755.00000    0.68000 30596.80000 1666582069.00000
6700110754.00000    0.34000 30596.81000 1666582069.00000
6700110751.00000    0.01949 30635.00000 1666581860.00000
6700110750.00000    0.00238 30609.41000 1666581781.00000
6700110747.00000    0.00065 30635.81000 1666581486.00000
6700110745.00000    0.16198 30639.43000 1666581473.00000
6700110744.00000    0.00162 30625.04000 1666581285.00000
6700110743.00000    0.00195 30634.58000 1666581250.00000
6700110738.00000    0.00158 30661.62000 1666580996.00000
6700110735.00000    0.00097 30659.69000 1666580960.00000
6700110732.00000    0.00164 30641.16000 1666580947.00000
6700110722.00000    0.00533 30613.91000 1666580919.00000
6700110721.00000    0.00975 30633.52000 1666580791.00000
6700110718.00000    0.00326 30675.22000 1666580763.00000
6700110717.00000    0.01622 30672.74000 1666580693.00000
6700110707.00000    0.01085 30587.80000 1666580455.00000
6700110706.00000    0.00400 30593.40000 1666580455.00000
6700110705.00000    0.00662 30640.45000 1666580455.00000
6700110698.00000    0.00162 30640.46000 1666580400.00000
6700110693.00000    0.03245 30661.05000 1666580368.00000
6700110689.00000    0.00032 30677.89000 1666580330.00000
6700110687.00000    0.00454 30666.71000 1666580137.00000
6700110686.00000    0.01418 30666.71000 1666580096.00000
6700110684.00000    0.06461 30692.89000 1666580035.00000
6700110678.00000    0.14788 30715.27000 1666579974.00000
6700110677.00000    0.11000 30698.92000 1666579974.00000
6700110668.00000    0.18727 30678.73000 1666579513.00000
6700110665.00000    0.00010 30640.45000 1666579479.00000
6700110661.00000    0.00538 30677.22000 1666579303.00000
6700110660.00000    0.00065 30670.18000 1666579285.00000
6700110656.00000    0.04942 30674.42000 1666579085.00000
6700110653.00000    0.01622 30675.12000 1666579071.00000
6700110650.00000    0.00323 30679.39000 1666578949.00000
6700110645.00000    0.00901 30639.20000 1666578754.00000
6700110642.00000    0.01615 30665.30000 1666578691.00000
6700110641.00000    0.01000 30679.83000 1666578668.00000
6700110640.00000    0.00032 30679.83000 1666578660.00000
6700110639.00000    0.00032 30671.26000 1666578617.00000
6700110632.00000    0.08108 30680.44000 1666578498.00000
6700110631.00000    0.00032 30680.44000 1666578497.00000
6700110625.00000    0.00860 30645.82000 1666578345.00000
6700110624.00000    0.00158 30645.96000 1666578296.00000
6700110620.00000    0.00974 30646.33000 1666578145.00000
6700110600.00000    0.06212 30624.93000 1666577949.00000
6700110599.00000    0.02990 30624.94000 1666577946.00000
6700110598.00000    0.00971 30618.90000 1666577930.00000
6700110597.00000    0.00032 30644.52000 1666577700.00000
6700110589.00000    0.00081 30615.38000 1666577382.00000
6700110588.00000    0.00647 30617.25000 1666577375.00000
6700110583.00000    0.06338 30593.43000 1666577189.00000
6700110581.00000    0.00130 30593.63000 1666577153.00000
6700110579.00000    0.02987 30594.27000 1666577124.00000
6700110572.00000    0.01529 30566.41000 1666577008.00000
6700110567.00000    0.01557 30520.90000 1666576928.00000
6700110566.00000    0.00338 30546.35000 1666576902.00000
6700110565.00000    0.25000 30564.02000 1666576874.00000
6700110563.00000    0.01785 30565.42000 1666576867.00000
6700110562.00000    0.00223 30516.30000 1666576866.00000
6700110561.00000    0.00812 30562.24000 1666576854.00000
6700110559.00000    0.00049 30554.06000 1666576803.00000
6700110555.00000    0.00325 30554.08000 1666576800.00000
6700110553.00000    0.00093 30554.08000 1666576800.00000
6700110551.00000    0.00078 30554.24000 1666576772.00000
6700110550.00000    0.06500 30554.30000 1666576762.00000
6700110548.00000    0.00649 30559.02000 1666576714.00000
6700110547.00000    0.01557 30561.57000 1666576713.00000
6700110545.00000    0.04764 30566.06000 1666576690.00000
6700110539.00000    0.00293 30546.54000 1666576512.00000
6700110537.00000    0.00100 30546.65000 1666576469.00000
6700110534.00000    0.00033 30524.33000 1666576317.00000
6700110532.00000    0.03250 30509.50000 1666576284.00000
6700110527.00000    0.00326 30527.57000 1666576241.00000
6700110525.00000    0.00072 30509.44000 1666576224.00000
6700110508.00000    0.00065 30500.00000 1666576121.00000
6700110505.00000    0.00315 30542.23000 1666576049.00000
6700110500.00000    0.00065 30581.86000 1666575930.00000
6700110498.00000    0.00109 30554.21000 1666575894.00000
6700110496.00000    0.00177 30568.11000 1666575799.00000
6700110495.00000    0.00159 30581.60000 1666575755.00000
6700110491.00000    0.03251 30602.02000 1666575711.00000
6700110490.00000    0.00079 30580.81000 1666575681.00000
6700110489.00000    0.00965 30602.02000 1666575674.00000
6700110488.00000    0.02925 30611.94000 1666575654.00000
6700110487.00000    0.00176 30580.81000 1666575609.00000
6700110485.00000    0.00650 30627.85000 1666575540.00000
6700110484.00000    0.00146 30627.85000 1666575513.00000
6700110483.00000    0.00081 30619.76000 1666575408.00000
6700110481.00000    0.00487 30642.95000 1666575356.00000
6700110480.00000    0.00200 30595.36000 1666575347.00000
6700110477.00000    0.00350 30642.95000 1666575287.00000
6700110475.00000    0.01607 30612.76000 1666575180.00000
6700110474.00000    0.01536 30647.32000 1666575179.00000
6700110473.00000    0.11000 30629.21000 1666575179.00000
6700110467.00000    0.00032 30627.05000 1666575012.00000
6700110466.00000    0.00324 30631.40000 1666575000.00000
6700110465.00000    0.06497 30631.40000 1666574984.00000
6700110464.00000    0.00081 30631.40000 1666574982.00000
6700110463.00000    0.00050 30599.61000 1666574978.00000
6700110457.00000    0.00032 30636.38000 1666574892.00000
6700110448.00000    0.00032 30616.31000 1666574667.00000
6700110441.00000    0.16260 30596.34000 1666574524.00000
6700110431.00000    0.32513 30603.17000 1666574407.00000
